<?xml version="1.0" encoding="utf-8"?>
<COLLADA xmlns="http://www.collada.org/2005/11/COLLADASchema" version="1.4.1">
  <asset><contributor><author>Mixamo</author><authoring_tool>COLLADA Mixamo exporter</authoring_tool><comments></comments></contributor><created>2018-12-12T10:50:18Z</created><modified>2018-12-12T10:50:18Z</modified><revision></revision><title></title><unit meter="0.010000"/><up_axis>Y_UP</up_axis></asset>
  <library_animations>
    <animation id="Armature-anim" name="Armature"><source id="Armature-Matrix-animation-input"><float_array id="Armature-Matrix-animation-input-array" count="23">

0.000000 0.033333 0.066667 0.100000 0.133333 0.166667 0.200000 0.233333 0.266667 0.300000 0.333333 0.366667 0.400000 0.433333 0.466667 0.500000
0.533333 0.566667 0.600000 0.633333 0.666667 0.700000 0.733333</float_array><technique_common><accessor source="#Armature-Matrix-animation-input-array" count="23"><param name="TIME" type="float"/></accessor></technique_common></source><source id="Armature-Matrix-animation-output-transform"><float_array id="Armature-Matrix-animation-output-transform-array" count="368">

0.951931 0.045637 -0.302894 -0.027608 -0.152734 0.927863 -0.340211 -0.044114 0.265517 0.370119 0.890232 -0.223627 0.000000 0.000000 0.000000 1.000000
0.967943 -0.027144 -0.249698 0.019685 -0.064306 0.934226 -0.350837 -0.041739 0.242797 0.355648 0.902532 -0.219297 0.000000 0.000000 0.000000 1.000000
0.985197 -0.099933 -0.139282 0.065418 0.039002 0.921863 -0.385547 -0.026801 0.166927 0.374408 0.912115 -0.233042 0.000000 0.000000 0.000000 1.000000
0.992715 -0.115797 -0.033279 0.074913 0.092212 0.907989 -0.408722 -0.012581 0.077546 0.402675 0.912052 -0.252140 0.000000 0.000000 0.000000 1.000000
0.996676 -0.070528 0.040776 0.048352 0.081089 0.906983 -0.413288 -0.007851 -0.007835 0.415221 0.909687 -0.260342 0.000000 0.000000 0.000000 1.000000
0.996138 -0.032919 0.081398 0.027146 0.062133 0.919310 -0.388599 -0.017186 -0.062037 0.392155 0.917805 -0.249263 0.000000 0.000000 0.000000 1.000000
0.994389 -0.037758 0.098814 0.031785 0.069974 0.935342 -0.346755 -0.031630 -0.079332 0.351723 0.932736 -0.227790 0.000000 0.000000 0.000000 1.000000
0.993364 -0.054400 0.101330 0.043295 0.084368 0.943460 -0.320570 -0.042036 -0.078162 0.326992 0.941789 -0.217088 0.000000 0.000000 0.000000 1.000000
0.990080 -0.072794 0.120176 0.056639 0.107104 0.944617 -0.310204 -0.052486 -0.090940 0.319999 0.943043 -0.221918 0.000000 0.000000 0.000000 1.000000
0.982195 -0.078377 0.170736 0.060810 0.129480 0.940907 -0.312936 -0.058388 -0.136120 0.329471 0.934302 -0.241693 0.000000 0.000000 0.000000 1.000000
0.972271 -0.024454 0.232576 0.025285 0.100579 0.941564 -0.321467 -0.063474 -0.211124 0.335945 0.917915 -0.254034 0.000000 0.000000 0.000000 1.000000
0.964158 0.047166 0.261104 -0.020558 0.041969 0.944574 -0.325604 -0.061539 -0.261990 0.324892 0.908739 -0.247305 0.000000 0.000000 0.000000 1.000000
0.969985 0.101076 0.221161 -0.053771 -0.019742 0.939248 -0.342672 -0.048190 -0.242361 0.328020 0.913052 -0.244832 0.000000 0.000000 0.000000 1.000000
0.982814 0.149835 0.107824 -0.083318 -0.101814 0.927209 -0.360439 -0.032908 -0.153982 0.343267 0.926530 -0.248070 0.000000 0.000000 0.000000 1.000000
0.986419 0.163140 -0.019031 -0.091500 -0.158639 0.916315 -0.367697 -0.019924 -0.042548 0.365722 0.929751 -0.255408 0.000000 0.000000 0.000000 1.000000
0.987060 0.134321 -0.087584 -0.074923 -0.157789 0.910882 -0.381310 -0.009277 0.028561 0.390195 0.920289 -0.265257 0.000000 0.000000 0.000000 1.000000
0.989825 0.101621 -0.099595 -0.055852 -0.131902 0.917835 -0.374407 -0.012955 0.053364 0.383735 0.921900 -0.259526 0.000000 0.000000 0.000000 1.000000
0.991489 0.082832 -0.100445 -0.044609 -0.113190 0.929632 -0.350674 -0.022714 0.064330 0.359059 0.931095 -0.239623 0.000000 0.000000 0.000000 1.000000
0.989852 0.077893 -0.118853 -0.042643 -0.113983 0.934677 -0.336730 -0.031763 0.084860 0.346860 0.934070 -0.223381 0.000000 0.000000 0.000000 1.000000
0.980767 0.099544 -0.167888 -0.058897 -0.151270 0.931233 -0.331545 -0.039762 0.123339 0.350565 0.928381 -0.219479 0.000000 0.000000 0.000000 1.000000
0.961924 0.131601 -0.239550 -0.081216 -0.211009 0.914633 -0.344850 -0.037411 0.173718 0.382267 0.907576 -0.241963 0.000000 0.000000 0.000000 1.000000
0.949956 0.104693 -0.294318 -0.064966 -0.210999 0.909804 -0.357402 -0.037886 0.230354 0.401617 0.886364 -0.253913 0.000000 0.000000 0.000000 1.000000
0.951931 0.045637 -0.302894 -0.027608 -0.152734 0.927863 -0.340210 -0.044114 0.265518 0.370119 0.890232 -0.223626 0.000000 0.000000 0.000000 1.000000</float_array><technique_common><accessor source="#Armature-Matrix-animation-output-transform-array" count="23" stride="16"><param type="float4x4"/></accessor></technique_common></source><source id="Armature-Interpolations"><Name_array id="Armature-Interpolations-array" count="23">
 LINEAR LINEAR LINEAR LINEAR LINEAR LINEAR LINEAR LINEAR LINEAR LINEAR LINEAR
LINEAR LINEAR LINEAR LINEAR LINEAR LINEAR LINEAR LINEAR LINEAR LINEAR LINEAR LINEAR</Name_array><technique_common><accessor source="#Armature-Interpolations-array" count="23"><param type="name"/></accessor></technique_common></source><sampler id="Armature-Matrix-animation-transform"><input semantic="INPUT" source="#Armature-Matrix-animation-input"/><input semantic="OUTPUT" source="#Armature-Matrix-animation-output-transform"/><input semantic="INTERPOLATION" source="#Armature-Interpolations"/></sampler><channel source="#Armature-Matrix-animation-transform" target="Armature/matrix"/></animation>
    <animation id="model_pc001_white-anim" name="model_pc001_white"><source id="model_pc001_white-Matrix-animation-input"><float_array id="model_pc001_white-Matrix-animation-input-array" count="23">

0.000000 0.033333 0.066667 0.100000 0.133333 0.166667 0.200000 0.233333 0.266667 0.300000 0.333333 0.366667 0.400000 0.433333 0.466667 0.500000
0.533333 0.566667 0.600000 0.633333 0.666667 0.700000 0.733333</float_array><technique_common><accessor source="#model_pc001_white-Matrix-animation-input-array" count="23"><param name="TIME" type="float"/></accessor></technique_common></source><source id="model_pc001_white-Matrix-animation-output-transform"><float_array id="model_pc001_white-Matrix-animation-output-transform-array" count="368">

0.000000 -1.000000 0.000000 0.000000 1.000000 0.000000 0.000000 0.000000 0.000000 0.000000 1.000000 0.000000 0.000000 0.000000 0.000000 1.000000
0.000000 -1.000000 0.000000 0.000000 1.000000 0.000000 -0.000000 0.000000 -0.000000 0.000000 1.000000 0.000000 0.000000 0.000000 0.000000 1.000000
0.000000 -1.000000 0.000000 0.000000 1.000000 0.000000 -0.000000 0.000000 0.000000 0.000000 1.000000 0.000000 0.000000 0.000000 0.000000 1.000000
0.000000 -1.000000 -0.000000 0.000000 1.000000 0.000000 -0.000000 0.000000 0.000000 -0.000000 1.000000 0.000000 0.000000 0.000000 0.000000 1.000000
0.000000 -1.000000 0.000000 0.000000 1.000000 0.000000 -0.000000 0.000000 0.000000 0.000000 1.000000 0.000000 0.000000 0.000000 0.000000 1.000000
0.000000 -1.000000 -0.000000 0.000000 1.000000 0.000000 -0.000000 0.000000 0.000000 -0.000000 1.000000 0.000000 0.000000 0.000000 0.000000 1.000000
0.000000 -1.000000 -0.000000 0.000000 1.000000 0.000000 0.000000 0.000000 0.000000 0.000000 1.000000 0.000000 0.000000 0.000000 0.000000 1.000000
0.000000 -1.000000 0.000000 0.000000 1.000000 0.000000 0.000000 0.000000 0.000000 0.000000 1.000000 0.000000 0.000000 0.000000 0.000000 1.000000
0.000000 -1.000000 0.000000 0.000000 1.000000 0.000000 -0.000000 0.000000 -0.000000 -0.000000 1.000000 0.000000 0.000000 0.000000 0.000000 1.000000
0.000000 -1.000000 -0.000000 0.000000 1.000000 0.000000 0.000000 0.000000 0.000000 0.000000 1.000000 0.000000 0.000000 0.000000 0.000000 1.000000
0.000000 -1.000000 -0.000000 0.000000 1.000000 0.000000 0.000000 0.000000 0.000000 0.000000 1.000000 0.000000 0.000000 0.000000 0.000000 1.000000
0.000000 -1.000000 0.000000 0.000000 1.000000 0.000000 -0.000000 0.000000 0.000000 0.000000 1.000000 0.000000 0.000000 0.000000 0.000000 1.000000
0.000000 -1.000000 0.000000 0.000000 1.000000 0.000000 0.000000 0.000000 -0.000000 0.000000 1.000000 0.000000 0.000000 0.000000 0.000000 1.000000
0.000000 -1.000000 0.000000 0.000000 1.000000 0.000000 -0.000000 0.000000 0.000000 0.000000 1.000000 0.000000 0.000000 0.000000 0.000000 1.000000
0.000000 -1.000000 0.000000 0.000000 1.000000 0.000000 -0.000000 0.000000 0.000000 0.000000 1.000000 0.000000 0.000000 0.000000 0.000000 1.000000
0.000000 -1.000000 -0.000000 0.000000 1.000000 0.000000 -0.000000 0.000000 0.000000 -0.000000 1.000000 0.000000 0.000000 0.000000 0.000000 1.000000
0.000000 -1.000000 0.000000 0.000000 1.000000 0.000000 0.000000 0.000000 0.000000 0.000000 1.000000 0.000000 0.000000 0.000000 0.000000 1.000000
0.000000 -1.000000 0.000000 0.000000 1.000000 0.000000 0.000000 0.000000 -0.000000 0.000000 1.000000 0.000000 0.000000 0.000000 0.000000 1.000000
0.000000 -1.000000 -0.000000 0.000000 1.000000 0.000000 0.000000 0.000000 0.000000 0.000000 1.000000 0.000000 0.000000 0.000000 0.000000 1.000000
0.000000 -1.000000 -0.000000 0.000000 1.000000 0.000000 0.000000 0.000000 -0.000000 0.000000 1.000000 0.000000 0.000000 0.000000 0.000000 1.000000
0.000000 -1.000000 0.000000 0.000000 1.000000 0.000000 -0.000000 0.000000 -0.000000 -0.000000 1.000000 0.000000 0.000000 0.000000 0.000000 1.000000
0.000000 -1.000000 -0.000000 0.000000 1.000000 0.000000 0.000000 0.000000 0.000000 0.000000 1.000000 0.000000 0.000000 0.000000 0.000000 1.000000
0.000000 -1.000000 0.000000 0.000000 1.000000 0.000000 -0.000000 0.000000 0.000000 -0.000000 1.000000 0.000000 0.000000 0.000000 0.000000 1.000000</float_array><technique_common><accessor source="#model_pc001_white-Matrix-animation-output-transform-array" count="23" stride="16"><param type="float4x4"/></accessor></technique_common></source><source id="model_pc001_white-Interpolations"><Name_array id="model_pc001_white-Interpolations-array" count="23">
 LINEAR LINEAR LINEAR LINEAR LINEAR LINEAR LINEAR LINEAR LINEAR LINEAR LINEAR
LINEAR LINEAR LINEAR LINEAR LINEAR LINEAR LINEAR LINEAR LINEAR LINEAR LINEAR LINEAR</Name_array><technique_common><accessor source="#model_pc001_white-Interpolations-array" count="23"><param type="name"/></accessor></technique_common></source><sampler id="model_pc001_white-Matrix-animation-transform"><input semantic="INPUT" source="#model_pc001_white-Matrix-animation-input"/><input semantic="OUTPUT" source="#model_pc001_white-Matrix-animation-output-transform"/><input semantic="INTERPOLATION" source="#model_pc001_white-Interpolations"/></sampler><channel source="#model_pc001_white-Matrix-animation-transform" target="model_pc001_white/matrix"/></animation>
    <animation id="reference-anim" name="reference"><source id="reference-Matrix-animation-input"><float_array id="reference-Matrix-animation-input-array" count="23">

0.000000 0.033333 0.066667 0.100000 0.133333 0.166667 0.200000 0.233333 0.266667 0.300000 0.333333 0.366667 0.400000 0.433333 0.466667 0.500000
0.533333 0.566667 0.600000 0.633333 0.666667 0.700000 0.733333</float_array><technique_common><accessor source="#reference-Matrix-animation-input-array" count="23"><param name="TIME" type="float"/></accessor></technique_common></source><source id="reference-Matrix-animation-output-transform"><float_array id="reference-Matrix-animation-output-transform-array" count="368">

1.000000 0.000000 0.000000 0.000000 0.000000 1.000000 0.000000 0.000000 -0.000000 0.000000 1.000000 0.000000 0.000000 0.000000 0.000000 1.000000
1.000000 -0.000000 0.000000 0.000000 0.000000 1.000000 0.000000 0.000000 0.000000 0.000000 1.000000 0.000000 0.000000 0.000000 0.000000 1.000000
1.000000 0.000000 0.000000 0.000000 0.000000 1.000000 0.000000 0.000000 0.000000 0.000000 1.000000 0.000000 0.000000 0.000000 0.000000 1.000000
1.000000 0.000000 0.000000 0.000000 -0.000000 1.000000 -0.000000 0.000000 -0.000000 0.000000 1.000000 0.000000 0.000000 0.000000 0.000000 1.000000
1.000000 -0.000000 -0.000000 0.000000 -0.000000 1.000000 0.000000 0.000000 -0.000000 0.000000 1.000000 0.000000 0.000000 0.000000 0.000000 1.000000
1.000000 -0.000000 0.000000 0.000000 0.000000 1.000000 -0.000000 0.000000 -0.000000 -0.000000 1.000000 0.000000 0.000000 0.000000 0.000000 1.000000
1.000000 0.000000 0.000000 0.000000 -0.000000 1.000000 0.000000 0.000000 0.000000 0.000000 1.000000 0.000000 0.000000 0.000000 0.000000 1.000000
1.000000 0.000000 0.000000 0.000000 0.000000 1.000000 -0.000000 0.000000 0.000000 0.000000 1.000000 0.000000 0.000000 0.000000 0.000000 1.000000
1.000000 0.000000 0.000000 0.000000 0.000000 1.000000 -0.000000 0.000000 -0.000000 -0.000000 1.000000 0.000000 0.000000 0.000000 0.000000 1.000000
1.000000 0.000000 0.000000 0.000000 0.000000 1.000000 -0.000000 0.000000 0.000000 0.000000 1.000000 0.000000 0.000000 0.000000 0.000000 1.000000
1.000000 0.000000 0.000000 0.000000 -0.000000 1.000000 0.000000 0.000000 0.000000 0.000000 1.000000 0.000000 0.000000 0.000000 0.000000 1.000000
1.000000 -0.000000 -0.000000 0.000000 0.000000 1.000000 -0.000000 0.000000 -0.000000 -0.000000 1.000000 0.000000 0.000000 0.000000 0.000000 1.000000
1.000000 0.000000 0.000000 0.000000 0.000000 1.000000 0.000000 0.000000 0.000000 0.000000 1.000000 0.000000 0.000000 0.000000 0.000000 1.000000
1.000000 0.000000 0.000000 0.000000 0.000000 1.000000 -0.000000 0.000000 0.000000 0.000000 1.000000 0.000000 0.000000 0.000000 0.000000 1.000000
1.000000 0.000000 -0.000000 0.000000 0.000000 1.000000 0.000000 0.000000 0.000000 0.000000 1.000000 0.000000 0.000000 0.000000 0.000000 1.000000
1.000000 -0.000000 0.000000 0.000000 -0.000000 1.000000 -0.000000 0.000000 0.000000 -0.000000 1.000000 0.000000 0.000000 0.000000 0.000000 1.000000
1.000000 0.000000 0.000000 0.000000 -0.000000 1.000000 0.000000 0.000000 0.000000 0.000000 1.000000 0.000000 0.000000 0.000000 0.000000 1.000000
1.000000 -0.000000 0.000000 0.000000 0.000000 1.000000 0.000000 0.000000 -0.000000 -0.000000 1.000000 0.000000 0.000000 0.000000 0.000000 1.000000
1.000000 -0.000000 0.000000 0.000000 0.000000 1.000000 -0.000000 0.000000 0.000000 -0.000000 1.000000 0.000000 0.000000 0.000000 0.000000 1.000000
1.000000 -0.000000 -0.000000 0.000000 0.000000 1.000000 -0.000000 0.000000 0.000000 0.000000 1.000000 0.000000 0.000000 0.000000 0.000000 1.000000
1.000000 -0.000000 0.000000 0.000000 0.000000 1.000000 0.000000 0.000000 0.000000 0.000000 1.000000 0.000000 0.000000 0.000000 0.000000 1.000000
1.000000 -0.000000 0.000000 0.000000 0.000000 1.000000 -0.000000 0.000000 0.000000 0.000000 1.000000 0.000000 0.000000 0.000000 0.000000 1.000000
1.000000 0.000000 -0.000000 0.000000 0.000000 1.000000 -0.000000 0.000000 0.000000 -0.000000 1.000000 0.000000 0.000000 0.000000 0.000000 1.000000</float_array><technique_common><accessor source="#reference-Matrix-animation-output-transform-array" count="23" stride="16"><param type="float4x4"/></accessor></technique_common></source><source id="reference-Interpolations"><Name_array id="reference-Interpolations-array" count="23">
 LINEAR LINEAR LINEAR LINEAR LINEAR LINEAR LINEAR LINEAR LINEAR LINEAR LINEAR
LINEAR LINEAR LINEAR LINEAR LINEAR LINEAR LINEAR LINEAR LINEAR LINEAR LINEAR LINEAR</Name_array><technique_common><accessor source="#reference-Interpolations-array" count="23"><param type="name"/></accessor></technique_common></source><sampler id="reference-Matrix-animation-transform"><input semantic="INPUT" source="#reference-Matrix-animation-input"/><input semantic="OUTPUT" source="#reference-Matrix-animation-output-transform"/><input semantic="INTERPOLATION" source="#reference-Interpolations"/></sampler><channel source="#reference-Matrix-animation-transform" target="reference/matrix"/></animation>
    <animation id="C_hip-anim" name="C_hip"><source id="C_hip-Matrix-animation-input"><float_array id="C_hip-Matrix-animation-input-array" count="23">

0.000000 0.033333 0.066667 0.100000 0.133333 0.166667 0.200000 0.233333 0.266667 0.300000 0.333333 0.366667 0.400000 0.433333 0.466667 0.500000
0.533333 0.566667 0.600000 0.633333 0.666667 0.700000 0.733333</float_array><technique_common><accessor source="#C_hip-Matrix-animation-input-array" count="23"><param name="TIME" type="float"/></accessor></technique_common></source><source id="C_hip-Matrix-animation-output-transform"><float_array id="C_hip-Matrix-animation-output-transform-array" count="368">

1.000000 0.000000 0.000000 0.662200 0.000000 1.000000 0.000000 0.000000 0.000000 0.000000 1.000000 0.000000 0.000000 0.000000 0.000000 1.000000
1.000000 0.000000 -0.000000 0.662200 0.000000 1.000000 0.000000 0.000000 0.000000 -0.000000 1.000000 -0.000000 0.000000 0.000000 0.000000 1.000000
1.000000 0.000000 0.000000 0.662200 0.000000 1.000000 0.000000 0.000000 0.000000 0.000000 1.000000 0.000000 0.000000 0.000000 0.000000 1.000000
1.000000 0.000000 -0.000000 0.662200 0.000000 1.000000 0.000000 -0.000000 0.000000 0.000000 1.000000 0.000000 0.000000 0.000000 0.000000 1.000000
1.000000 -0.000000 -0.000000 0.662200 -0.000000 1.000000 0.000000 0.000000 0.000000 0.000000 1.000000 -0.000000 0.000000 0.000000 0.000000 1.000000
1.000000 -0.000000 0.000000 0.662200 -0.000000 1.000000 -0.000000 0.000000 -0.000000 0.000000 1.000000 0.000000 0.000000 0.000000 0.000000 1.000000
1.000000 -0.000000 0.000000 0.662200 0.000000 1.000000 0.000000 0.000000 0.000000 0.000000 1.000000 0.000000 0.000000 0.000000 0.000000 1.000000
1.000000 0.000000 0.000000 0.662200 0.000000 1.000000 -0.000000 0.000000 0.000000 0.000000 1.000000 0.000000 0.000000 0.000000 0.000000 1.000000
1.000000 0.000000 -0.000000 0.662200 0.000000 1.000000 -0.000000 0.000000 -0.000000 -0.000000 1.000000 0.000000 0.000000 0.000000 0.000000 1.000000
1.000000 0.000000 0.000000 0.662200 -0.000000 1.000000 -0.000000 0.000000 -0.000000 0.000000 1.000000 0.000000 0.000000 0.000000 0.000000 1.000000
1.000000 0.000000 0.000000 0.662200 0.000000 1.000000 -0.000000 0.000000 0.000000 0.000000 1.000000 0.000000 0.000000 0.000000 0.000000 1.000000
1.000000 -0.000000 -0.000000 0.662200 0.000000 1.000000 0.000000 0.000000 0.000000 -0.000000 1.000000 0.000000 0.000000 0.000000 0.000000 1.000000
1.000000 -0.000000 -0.000000 0.662200 -0.000000 1.000000 -0.000000 -0.000000 0.000000 0.000000 1.000000 0.000000 0.000000 0.000000 0.000000 1.000000
1.000000 -0.000000 0.000000 0.662200 0.000000 1.000000 -0.000000 0.000000 0.000000 0.000000 1.000000 0.000000 0.000000 0.000000 0.000000 1.000000
1.000000 0.000000 -0.000000 0.662200 0.000000 1.000000 -0.000000 0.000000 0.000000 0.000000 1.000000 0.000000 0.000000 0.000000 0.000000 1.000000
1.000000 -0.000000 0.000000 0.662200 0.000000 1.000000 -0.000000 0.000000 0.000000 -0.000000 1.000000 0.000000 0.000000 0.000000 0.000000 1.000000
1.000000 -0.000000 0.000000 0.662200 0.000000 1.000000 0.000000 0.000000 0.000000 -0.000000 1.000000 -0.000000 0.000000 0.000000 0.000000 1.000000
1.000000 0.000000 -0.000000 0.662200 0.000000 1.000000 -0.000000 0.000000 -0.000000 0.000000 1.000000 -0.000000 0.000000 0.000000 0.000000 1.000000
1.000000 0.000000 0.000000 0.662200 0.000000 1.000000 0.000000 0.000000 0.000000 0.000000 1.000000 -0.000000 0.000000 0.000000 0.000000 1.000000
1.000000 0.000000 -0.000000 0.662200 -0.000000 1.000000 -0.000000 -0.000000 0.000000 -0.000000 1.000000 0.000000 0.000000 0.000000 0.000000 1.000000
1.000000 0.000000 -0.000000 0.662200 0.000000 1.000000 0.000000 0.000000 0.000000 0.000000 1.000000 0.000000 0.000000 0.000000 0.000000 1.000000
1.000000 -0.000000 0.000000 0.662200 0.000000 1.000000 -0.000000 -0.000000 0.000000 0.000000 1.000000 0.000000 0.000000 0.000000 0.000000 1.000000
1.000000 0.000000 -0.000000 0.662200 0.000000 1.000000 0.000000 0.000000 0.000000 -0.000000 1.000000 0.000000 0.000000 0.000000 0.000000 1.000000</float_array><technique_common><accessor source="#C_hip-Matrix-animation-output-transform-array" count="23" stride="16"><param type="float4x4"/></accessor></technique_common></source><source id="C_hip-Interpolations"><Name_array id="C_hip-Interpolations-array" count="23">
 LINEAR LINEAR LINEAR LINEAR LINEAR LINEAR LINEAR LINEAR LINEAR LINEAR LINEAR
LINEAR LINEAR LINEAR LINEAR LINEAR LINEAR LINEAR LINEAR LINEAR LINEAR LINEAR LINEAR</Name_array><technique_common><accessor source="#C_hip-Interpolations-array" count="23"><param type="name"/></accessor></technique_common></source><sampler id="C_hip-Matrix-animation-transform"><input semantic="INPUT" source="#C_hip-Matrix-animation-input"/><input semantic="OUTPUT" source="#C_hip-Matrix-animation-output-transform"/><input semantic="INTERPOLATION" source="#C_hip-Interpolations"/></sampler><channel source="#C_hip-Matrix-animation-transform" target="C_hip/matrix"/></animation>
    <animation id="C_waist-anim" name="C_waist"><source id="C_waist-Matrix-animation-input"><float_array id="C_waist-Matrix-animation-input-array" count="23">

0.000000 0.033333 0.066667 0.100000 0.133333 0.166667 0.200000 0.233333 0.266667 0.300000 0.333333 0.366667 0.400000 0.433333 0.466667 0.500000
0.533333 0.566667 0.600000 0.633333 0.666667 0.700000 0.733333</float_array><technique_common><accessor source="#C_waist-Matrix-animation-input-array" count="23"><param name="TIME" type="float"/></accessor></technique_common></source><source id="C_waist-Matrix-animation-output-transform"><float_array id="C_waist-Matrix-animation-output-transform-array" count="368">

0.994632 -0.026085 -0.100137 0.082800 0.015936 0.994775 -0.100844 0.000000 0.102244 0.098707 0.989850 0.000000 0.000000 0.000000 0.000000 1.000000
0.995685 0.005255 -0.092648 0.082800 -0.017339 0.991348 -0.130109 0.000000 0.091163 0.131154 0.987162 -0.000000 0.000000 0.000000 0.000000 1.000000
0.996095 0.039845 -0.078790 0.082800 -0.050604 0.988906 -0.139657 0.000000 0.072352 0.143098 0.987060 0.000000 0.000000 0.000000 0.000000 1.000000
0.996177 0.057892 -0.065421 0.082800 -0.066356 0.988532 -0.135654 0.000000 0.056818 0.139476 0.988594 -0.000000 0.000000 0.000000 0.000000 1.000000
0.997377 0.049583 -0.052726 0.082800 -0.055729 0.990922 -0.122341 0.000000 0.046181 0.124959 0.991087 0.000000 0.000000 0.000000 0.000000 1.000000
0.997709 0.038357 -0.055730 0.082800 -0.043924 0.993777 -0.102366 0.000000 0.051457 0.104580 0.993184 0.000000 0.000000 0.000000 0.000000 1.000000
0.996397 0.043393 -0.072869 0.082800 -0.049755 0.994887 -0.087891 0.000000 0.068683 0.091200 0.993461 0.000000 0.000000 0.000000 0.000000 1.000000
0.994774 0.055890 -0.085442 0.082800 -0.062516 0.995073 -0.076950 0.000000 0.080720 0.081889 0.993367 -0.000000 0.000000 0.000000 0.000000 1.000000
0.993275 0.068246 -0.093531 0.082800 -0.073259 0.995995 -0.051253 0.000000 0.089658 0.057760 0.994296 0.000000 0.000000 0.000000 0.000000 1.000000
0.992203 0.074089 -0.100215 0.082800 -0.075357 0.997117 -0.008923 -0.000000 0.099265 0.016405 0.994926 -0.000000 0.000000 0.000000 0.000000 1.000000
0.993717 0.053916 -0.098083 0.082800 -0.050081 0.997897 0.041154 0.000000 0.100096 -0.035984 0.994327 0.000000 0.000000 0.000000 0.000000 1.000000
0.995332 0.020749 -0.094251 0.082800 -0.012209 0.995840 0.090298 -0.000000 0.095733 -0.088726 0.991445 0.000000 0.000000 0.000000 0.000000 1.000000
0.996365 -0.006176 -0.084961 0.082800 0.016715 0.992153 0.123909 0.000000 0.083529 -0.124878 0.988650 -0.000000 0.000000 0.000000 0.000000 1.000000
0.996438 -0.031952 -0.078042 0.082800 0.041927 0.990663 0.129728 0.000000 0.073168 -0.132538 0.988474 -0.000000 0.000000 0.000000 0.000000 1.000000
0.996053 -0.044868 -0.076589 0.082800 0.053629 0.991747 0.116457 0.000000 0.070732 -0.120105 0.990238 0.000000 0.000000 0.000000 0.000000 1.000000
0.996490 -0.041997 -0.072420 0.082800 0.049165 0.993751 0.100211 -0.000000 0.067759 -0.103420 0.992327 0.000000 0.000000 0.000000 0.000000 1.000000
0.996366 -0.033616 -0.078257 0.082800 0.040321 0.995501 0.085743 0.000000 0.075023 -0.088587 0.993239 -0.000000 0.000000 0.000000 0.000000 1.000000
0.995309 -0.030624 -0.091778 0.082800 0.037187 0.996806 0.070674 -0.000000 0.089320 -0.073755 0.993268 -0.000000 0.000000 0.000000 0.000000 1.000000
0.994437 -0.035427 -0.099196 0.082800 0.040825 0.997763 0.052928 0.000000 0.097099 -0.056683 0.993659 0.000000 0.000000 0.000000 0.000000 1.000000
0.993487 -0.049180 -0.102782 0.082800 0.051513 0.998469 0.020172 -0.000000 0.101632 -0.025335 0.994499 0.000000 0.000000 0.000000 0.000000 1.000000
0.992569 -0.066275 -0.102051 0.082800 0.063926 0.997613 -0.026129 0.000000 0.103539 0.019411 0.994436 0.000000 0.000000 0.000000 0.000000 1.000000
0.993741 -0.056084 -0.096606 0.082800 0.049993 0.996674 -0.064357 0.000000 0.099895 0.059124 0.993240 0.000000 0.000000 0.000000 0.000000 1.000000
0.994632 -0.026085 -0.100137 0.082800 0.015936 0.994775 -0.100844 -0.000000 0.102244 0.098707 0.989850 0.000000 0.000000 0.000000 0.000000 1.000000</float_array><technique_common><accessor source="#C_waist-Matrix-animation-output-transform-array" count="23" stride="16"><param type="float4x4"/></accessor></technique_common></source><source id="C_waist-Interpolations"><Name_array id="C_waist-Interpolations-array" count="23">
 LINEAR LINEAR LINEAR LINEAR LINEAR LINEAR LINEAR LINEAR LINEAR LINEAR LINEAR
LINEAR LINEAR LINEAR LINEAR LINEAR LINEAR LINEAR LINEAR LINEAR LINEAR LINEAR LINEAR</Name_array><technique_common><accessor source="#C_waist-Interpolations-array" count="23"><param type="name"/></accessor></technique_common></source><sampler id="C_waist-Matrix-animation-transform"><input semantic="INPUT" source="#C_waist-Matrix-animation-input"/><input semantic="OUTPUT" source="#C_waist-Matrix-animation-output-transform"/><input semantic="INTERPOLATION" source="#C_waist-Interpolations"/></sampler><channel source="#C_waist-Matrix-animation-transform" target="C_waist/matrix"/></animation>
    <animation id="C_spine-anim" name="C_spine"><source id="C_spine-Matrix-animation-input"><float_array id="C_spine-Matrix-animation-input-array" count="23">

0.000000 0.033333 0.066667 0.100000 0.133333 0.166667 0.200000 0.233333 0.266667 0.300000 0.333333 0.366667 0.400000 0.433333 0.466667 0.500000
0.533333 0.566667 0.600000 0.633333 0.666667 0.700000 0.733333</float_array><technique_common><accessor source="#C_spine-Matrix-animation-input-array" count="23"><param name="TIME" type="float"/></accessor></technique_common></source><source id="C_spine-Matrix-animation-output-transform"><float_array id="C_spine-Matrix-animation-output-transform-array" count="368">

0.978481 -0.066450 -0.195346 0.110200 0.025770 0.978668 -0.203825 -0.000000 0.204723 0.194405 0.959320 0.000000 0.000000 0.000000 0.000000 1.000000
0.982938 -0.004323 -0.183886 0.110200 -0.044122 0.964994 -0.258534 -0.000000 0.178566 0.262236 0.948339 0.000000 0.000000 0.000000 0.000000 1.000000
0.984504 0.067589 -0.161815 0.110200 -0.110604 0.955386 -0.273870 -0.000000 0.136085 0.287524 0.948056 0.000000 0.000000 0.000000 0.000000 1.000000
0.985014 0.104258 -0.137399 0.110200 -0.137898 0.954532 -0.264296 -0.000000 0.103597 0.279283 0.954604 0.000000 0.000000 0.000000 0.000000 1.000000
0.990100 0.087249 -0.109955 0.110200 -0.111351 0.965148 -0.236833 0.000000 0.085459 0.246732 0.965308 0.000000 0.000000 0.000000 0.000000 1.000000
0.991605 0.062032 -0.113450 0.110200 -0.083394 0.977348 -0.194516 -0.000000 0.098814 0.202344 0.974317 0.000000 0.000000 0.000000 0.000000 1.000000
0.986782 0.067943 -0.147120 0.110200 -0.092060 0.982174 -0.163890 0.000000 0.133362 0.175268 0.975446 -0.000000 0.000000 0.000000 0.000000 1.000000
0.980789 0.091040 -0.172521 0.110200 -0.116253 0.982991 -0.142176 0.000000 0.156643 0.159501 0.974691 0.000000 0.000000 0.000000 0.000000 1.000000
0.975117 0.116941 -0.188340 0.110200 -0.136400 0.986197 -0.093864 0.000000 0.174764 0.117218 0.977608 0.000000 0.000000 0.000000 0.000000 1.000000
0.970566 0.134578 -0.199726 0.110200 -0.139732 0.990118 -0.011868 -0.000000 0.196156 0.039427 0.979780 0.000000 0.000000 0.000000 0.000000 1.000000
0.975663 0.103553 -0.193284 0.110200 -0.088492 0.992442 0.085015 0.000000 0.200626 -0.065842 0.977453 0.000000 0.000000 0.000000 0.000000 1.000000
0.981448 0.048107 -0.185596 0.110200 -0.014019 0.983425 0.180775 -0.000000 0.191216 -0.174819 0.965854 0.000000 0.000000 0.000000 0.000000 1.000000
0.985534 -0.001913 -0.169469 0.110200 0.044119 0.968356 0.245642 -0.000000 0.163637 -0.249565 0.954432 -0.000000 0.000000 0.000000 0.000000 1.000000
0.985703 -0.054702 -0.159366 0.110200 0.094468 0.962609 0.253888 -0.000000 0.139519 -0.265313 0.954014 0.000000 0.000000 0.000000 0.000000 1.000000
0.983949 -0.083270 -0.157830 0.110200 0.117661 0.967698 0.222973 -0.000000 0.134165 -0.237965 0.961963 0.000000 0.000000 0.000000 0.000000 1.000000
0.986134 -0.075124 -0.147973 0.110200 0.102930 0.976317 0.190293 0.000000 0.130173 -0.202885 0.970512 -0.000000 0.000000 0.000000 0.000000 1.000000
0.986007 -0.054009 -0.157714 0.110200 0.079709 0.983652 0.161479 0.000000 0.146415 -0.171791 0.974192 0.000000 0.000000 0.000000 0.000000 1.000000
0.981953 -0.045217 -0.183643 0.110200 0.070094 0.988859 0.131321 0.000000 0.175659 -0.141824 0.974182 0.000000 0.000000 0.000000 0.000000 1.000000
0.978514 -0.056309 -0.198343 0.110200 0.076775 0.992314 0.097054 -0.000000 0.191353 -0.110196 0.975316 0.000000 0.000000 0.000000 0.000000 1.000000
0.974676 -0.089101 -0.205102 0.110200 0.097919 0.994639 0.033230 -0.000000 0.201042 -0.052472 0.978176 -0.000000 0.000000 0.000000 0.000000 1.000000
0.970468 -0.133237 -0.201095 0.110200 0.124019 0.990594 -0.057819 0.000000 0.206907 0.031172 0.977864 -0.000000 0.000000 0.000000 0.000000 1.000000
0.974764 -0.120326 -0.188034 0.110200 0.096007 0.986386 -0.133508 -0.000000 0.201539 0.112086 0.973046 0.000000 0.000000 0.000000 0.000000 1.000000
0.978481 -0.066449 -0.195346 0.110200 0.025770 0.978668 -0.203825 0.000000 0.204722 0.194404 0.959320 0.000000 0.000000 0.000000 0.000000 1.000000</float_array><technique_common><accessor source="#C_spine-Matrix-animation-output-transform-array" count="23" stride="16"><param type="float4x4"/></accessor></technique_common></source><source id="C_spine-Interpolations"><Name_array id="C_spine-Interpolations-array" count="23">
 LINEAR LINEAR LINEAR LINEAR LINEAR LINEAR LINEAR LINEAR LINEAR LINEAR LINEAR
LINEAR LINEAR LINEAR LINEAR LINEAR LINEAR LINEAR LINEAR LINEAR LINEAR LINEAR LINEAR</Name_array><technique_common><accessor source="#C_spine-Interpolations-array" count="23"><param type="name"/></accessor></technique_common></source><sampler id="C_spine-Matrix-animation-transform"><input semantic="INPUT" source="#C_spine-Matrix-animation-input"/><input semantic="OUTPUT" source="#C_spine-Matrix-animation-output-transform"/><input semantic="INTERPOLATION" source="#C_spine-Interpolations"/></sampler><channel source="#C_spine-Matrix-animation-transform" target="C_spine/matrix"/></animation>
    <animation id="R_shoulder-anim" name="R_shoulder"><source id="R_shoulder-Matrix-animation-input"><float_array id="R_shoulder-Matrix-animation-input-array" count="23">

0.000000 0.033333 0.066667 0.100000 0.133333 0.166667 0.200000 0.233333 0.266667 0.300000 0.333333 0.366667 0.400000 0.433333 0.466667 0.500000
0.533333 0.566667 0.600000 0.633333 0.666667 0.700000 0.733333</float_array><technique_common><accessor source="#R_shoulder-Matrix-animation-input-array" count="23"><param name="TIME" type="float"/></accessor></technique_common></source><source id="R_shoulder-Matrix-animation-output-transform"><float_array id="R_shoulder-Matrix-animation-output-transform-array" count="368">

0.614853 -0.613312 0.495787 0.081300 0.785635 0.531179 -0.317217 0.090000 -0.068798 0.584549 0.808436 0.000000 0.000000 0.000000 0.000000 1.000000
0.669247 -0.477134 0.569606 0.081300 0.713062 0.627959 -0.311784 0.090000 -0.208926 0.614825 0.760486 0.000000 0.000000 0.000000 0.000000 1.000000
0.676934 -0.447838 0.584125 0.081300 0.626598 0.767008 -0.138106 0.090000 -0.386180 0.459500 0.799828 0.000000 0.000000 0.000000 0.000000 1.000000
0.682720 -0.452914 0.573378 0.081300 0.554399 0.832247 -0.002726 0.090000 -0.475957 0.319741 0.819287 0.000000 0.000000 0.000000 0.000000 1.000000
0.742145 -0.478723 0.469090 0.081300 0.542036 0.840355 0.000060 0.090000 -0.394231 0.254219 0.883150 0.000000 0.000000 0.000000 0.000000 1.000000
0.796040 -0.534523 0.283911 0.081300 0.573200 0.816413 -0.070085 0.090000 -0.194326 0.218528 0.956286 -0.000000 0.000000 0.000000 0.000000 1.000000
0.785973 -0.616593 0.045387 0.081300 0.615433 0.773253 -0.152714 0.090000 0.059067 0.147962 0.987228 -0.000000 0.000000 0.000000 0.000000 1.000000
0.679870 -0.719106 -0.143751 0.081300 0.680717 0.691758 -0.241029 0.090000 0.272767 0.066015 0.959813 0.000000 0.000000 0.000000 0.000000 1.000000
0.525028 -0.817536 -0.236603 0.081300 0.763148 0.575290 -0.294359 0.090000 0.376765 -0.026016 0.925944 0.000000 0.000000 0.000000 0.000000 1.000000
0.398736 -0.863895 -0.307725 0.081300 0.847657 0.475247 -0.235835 0.090000 0.349982 -0.166809 0.921785 -0.000000 0.000000 0.000000 0.000000 1.000000
0.368226 -0.804050 -0.466812 0.081300 0.864599 0.480761 -0.146072 0.090000 0.341874 -0.349818 0.872210 0.000000 0.000000 0.000000 0.000000 1.000000
0.386829 -0.635119 -0.668571 0.081300 0.797105 0.594839 -0.103878 0.090000 0.463667 -0.492738 0.736357 0.000000 0.000000 0.000000 0.000000 1.000000
0.406663 -0.425403 -0.808491 0.081300 0.691274 0.721878 -0.032126 0.090000 0.597299 -0.545825 0.587631 -0.000000 0.000000 0.000000 0.000000 1.000000
0.431140 -0.212853 -0.876819 0.081300 0.577428 0.811808 0.086856 0.090000 0.693322 -0.543747 0.472910 -0.000000 0.000000 0.000000 0.000000 1.000000
0.493136 -0.118884 -0.861791 0.081300 0.526617 0.829293 0.186941 0.090000 0.692453 -0.546022 0.471560 0.000000 0.000000 0.000000 0.000000 1.000000
0.563449 -0.191487 -0.803653 0.081300 0.560073 0.803642 0.201189 0.090000 0.607324 -0.563464 0.560058 0.000000 0.000000 0.000000 0.000000 1.000000
0.593477 -0.349317 -0.725095 0.081300 0.624811 0.767850 0.141482 0.090000 0.507342 -0.537014 0.673959 -0.000000 0.000000 0.000000 0.000000 1.000000
0.605475 -0.533009 -0.591017 0.081300 0.678280 0.734068 0.032853 0.090000 0.416336 -0.420767 0.805990 0.000000 0.000000 0.000000 0.000000 1.000000
0.613316 -0.688818 -0.386488 0.081300 0.712879 0.693439 -0.104618 0.090000 0.340069 -0.211356 0.916342 0.000000 0.000000 0.000000 0.000000 1.000000
0.627656 -0.765793 -0.140028 0.081300 0.729247 0.641322 -0.238547 0.090000 0.272481 0.047610 0.960982 -0.000000 0.000000 0.000000 0.000000 1.000000
0.659402 -0.744674 0.103191 0.081300 0.724816 0.593288 -0.350215 0.090000 0.199574 0.305728 0.930968 0.000000 0.000000 0.000000 0.000000 1.000000
0.659349 -0.679024 0.322778 0.081300 0.745700 0.535891 -0.395918 0.090000 0.095864 0.501744 0.859688 0.000000 0.000000 0.000000 0.000000 1.000000
0.614853 -0.613312 0.495787 0.081300 0.785635 0.531178 -0.317217 0.090000 -0.068798 0.584549 0.808436 0.000000 0.000000 0.000000 0.000000 1.000000</float_array><technique_common><accessor source="#R_shoulder-Matrix-animation-output-transform-array" count="23" stride="16"><param type="float4x4"/></accessor></technique_common></source><source id="R_shoulder-Interpolations"><Name_array id="R_shoulder-Interpolations-array" count="23">
 LINEAR LINEAR LINEAR LINEAR LINEAR LINEAR LINEAR LINEAR LINEAR LINEAR LINEAR
LINEAR LINEAR LINEAR LINEAR LINEAR LINEAR LINEAR LINEAR LINEAR LINEAR LINEAR LINEAR</Name_array><technique_common><accessor source="#R_shoulder-Interpolations-array" count="23"><param type="name"/></accessor></technique_common></source><sampler id="R_shoulder-Matrix-animation-transform"><input semantic="INPUT" source="#R_shoulder-Matrix-animation-input"/><input semantic="OUTPUT" source="#R_shoulder-Matrix-animation-output-transform"/><input semantic="INTERPOLATION" source="#R_shoulder-Interpolations"/></sampler><channel source="#R_shoulder-Matrix-animation-transform" target="R_shoulder/matrix"/></animation>
    <animation id="R_elbow-anim" name="R_elbow"><source id="R_elbow-Matrix-animation-input"><float_array id="R_elbow-Matrix-animation-input-array" count="23">

0.000000 0.033333 0.066667 0.100000 0.133333 0.166667 0.200000 0.233333 0.266667 0.300000 0.333333 0.366667 0.400000 0.433333 0.466667 0.500000
0.533333 0.566667 0.600000 0.633333 0.666667 0.700000 0.733333</float_array><technique_common><accessor source="#R_elbow-Matrix-animation-input-array" count="23"><param name="TIME" type="float"/></accessor></technique_common></source><source id="R_elbow-Matrix-animation-output-transform"><float_array id="R_elbow-Matrix-animation-output-transform-array" count="368">

0.972601 0.179054 0.148281 0.000000 0.179054 -0.170119 -0.969020 0.189900 -0.148281 0.969020 -0.197519 0.000000 0.000000 0.000000 0.000000 1.000000
0.969929 0.196514 0.143596 0.000000 0.196514 -0.284222 -0.938403 0.189900 -0.143596 0.938403 -0.314293 0.000000 0.000000 0.000000 0.000000 1.000000
0.965919 0.222720 0.131894 0.000000 0.222720 -0.455485 -0.861933 0.189900 -0.131894 0.861933 -0.489566 0.000000 0.000000 0.000000 0.000000 1.000000
0.963826 0.236395 0.123110 0.000000 0.236395 -0.544848 -0.804524 0.189900 -0.123109 0.804524 -0.581021 0.000000 0.000000 0.000000 0.000000 1.000000
0.963796 0.236596 0.122964 0.000000 0.236596 -0.546160 -0.803574 0.189900 -0.122964 0.803574 -0.582365 0.000000 0.000000 0.000000 0.000000 1.000000
0.965173 0.227597 0.129001 -0.000000 0.227597 -0.487349 -0.843025 0.189900 -0.129001 0.843025 -0.522176 -0.000000 0.000000 0.000000 0.000000 1.000000
0.967968 0.209327 0.138634 0.000000 0.209327 -0.367958 -0.905974 0.189900 -0.138633 0.905974 -0.399989 0.000000 0.000000 0.000000 0.000000 1.000000
0.973307 0.174440 0.149145 -0.000000 0.174440 -0.139972 -0.974668 0.189900 -0.149145 0.974668 -0.166665 -0.000000 0.000000 0.000000 0.000000 1.000000
0.980510 0.127366 0.149592 0.000000 0.127366 0.167664 -0.977582 0.189900 -0.149592 0.977582 0.148174 0.000000 0.000000 0.000000 0.000000 1.000000
0.987069 0.084506 0.136214 0.000000 0.084508 0.447745 -0.890159 0.189900 -0.136213 0.890159 0.434814 0.000000 0.000000 0.000000 0.000000 1.000000
0.988831 0.072989 0.129945 0.000000 0.072989 0.523014 -0.849193 0.189900 -0.129945 0.849193 0.511845 -0.000000 0.000000 0.000000 0.000000 1.000000
0.986421 0.088740 0.138199 0.000000 0.088740 0.420083 -0.903136 0.189900 -0.138199 0.903136 0.406504 0.000000 0.000000 0.000000 0.000000 1.000000
0.982839 0.112146 0.146459 -0.000000 0.112147 0.267121 -0.957115 0.189900 -0.146459 0.957115 0.249960 -0.000000 0.000000 0.000000 0.000000 1.000000
0.978936 0.137655 0.150783 0.000000 0.137655 0.100419 -0.985377 0.189900 -0.150783 0.985377 0.079355 -0.000000 0.000000 0.000000 0.000000 1.000000
0.976757 0.151892 0.151242 -0.000000 0.151892 0.007380 -0.988370 0.189900 -0.151241 0.988370 -0.015862 -0.000000 0.000000 0.000000 0.000000 1.000000
0.976353 0.154532 0.151176 0.000000 0.154533 -0.009873 -0.987938 0.189900 -0.151176 0.987938 -0.033520 0.000000 0.000000 0.000000 0.000000 1.000000
0.976446 0.153927 0.151195 0.000000 0.153927 -0.005915 -0.988065 0.189900 -0.151195 0.988065 -0.029470 0.000000 0.000000 0.000000 0.000000 1.000000
0.977311 0.148274 0.151256 0.000000 0.148275 0.031022 -0.988460 0.189900 -0.151255 0.988460 0.008333 -0.000000 0.000000 0.000000 0.000000 1.000000
0.979093 0.136624 0.150698 -0.000000 0.136625 0.107156 -0.984810 0.189900 -0.150697 0.984810 0.086250 0.000000 0.000000 0.000000 0.000000 1.000000
0.980479 0.127573 0.149622 0.000000 0.127572 0.166307 -0.977787 0.189900 -0.149622 0.977787 0.146786 -0.000000 0.000000 0.000000 0.000000 1.000000
0.979513 0.133883 0.150432 -0.000000 0.133884 0.125070 -0.983073 0.189900 -0.150431 0.983073 0.104583 0.000000 0.000000 0.000000 0.000000 1.000000
0.976522 0.153430 0.151210 0.000000 0.153430 -0.002666 -0.988156 0.189900 -0.151209 0.988156 -0.026145 0.000000 0.000000 0.000000 0.000000 1.000000
